bachelor_degree_density_2014_2018 100 0.007 0.101 16.38 0.058905658752613145
avg_precipitation_for_county 100 0.084 0.273 2.04 0.25598713143006435
avg_temp_for_county 100 0.124 0.428 49.4 0.3449011271802151
population_density_on_land_2010 100 -0.001 -0.001 0.0 0.0
household_density_on_land_2010 100 -0.001 -0.001 0.0 0.0
UnempRate2018 100 0.047 0.472 3.04 0.3952284147823501
PctEmpAgriculture 100 0.021 0.217 1.2 0.14413357113406572
PctEmpMining 100 0.014 0.207 0.42 0.13255117808885436
PctEmpConstruction 100 0.024 0.248 5.06 0.1755477096664873
PctEmpManufacturing 100 0.029 0.239 5.5 0.1651560594092921
PctEmpTrade 100 0.008 0.174 12.22 0.15490876770979625
PctEmpTrans 100 0.011 0.161 4.08 0.145350310241306
PctEmpInformation 100 0.008 0.173 0.17 0.17313831892891685
PctEmpFIRE 100 0.006 0.114 3.15 0.08135475516818458
PctEmpServices 100 0.027 0.295 38.11 0.21514569972595557
PctEmpGovt 100 0.027 0.375 4.16 0.30693375305258147
medianHouseHoldIncome 100 0.003 0.063 45381.4 0.03175585435969414
covid_cases_density 100 0.011 0.296 0.226 0.23810046588064263
covid_death_density 100 0.056 0.461 0.003 0.35524668055140596