Covid-Income
Thresholds 1 [0.222850507, 0.223555978, 0.224430841, 0.225272727, 0.226301829, 0.22719708, 0.227905077, 0.228701756, 0.229561978, 0.230518279, 0.231263698, 0.23187346, 0.232695078, 0.233577085, 0.234204276, 0.235, 0.235479154, 0.236124133, 0.237154655, 0.237869416, 0.23880597, 0.239319872, 0.240030986, 0.240899358, 0.241586594, 0.242168421, 0.242950108, 0.243911305, 0.245136778, 0.245905172, 0.246859793, 0.247512535, 0.248175182, 0.248951356, 0.249498643, 0.250078542, 0.250954939, 0.251521611, 0.252044524, 0.253073663, 0.253674411, 0.25454924, 0.255633078, 0.256360853, 0.257112564, 0.257767807, 0.25857489, 0.259405074, 0.260146288, 0.260833139, 0.261508932, 0.26233128, 0.262960823, 0.263480517, 0.263969114, 0.264774449, 0.26536916, 0.266183739, 0.266980234, 0.267897142, 0.268653622, 0.269460301, 0.27027027, 0.270978934, 0.271774194, 0.272621978, 0.273459435, 0.274230823, 0.274940734, 0.275599982, 0.276679013, 0.277810085, 0.278524562, 0.279971584, 0.280712649, 0.281316892, 0.282069439, 0.28318147, 0.284396021, 0.28527635, 0.286492361, 0.28746226, 0.288132243, 0.289191133, 0.290153846, 0.291570683, 0.292715706, 0.293890238, 0.295085026, 0.295913674, 0.29689162, 0.298401112, 0.299277882, 0.300014986, 0.301944598, 0.303577991, 0.305119515, 0.306728232, 0.309001535, 0.310397403, 0.31192561]
Thresholds 2 [44471, 44745, 44835, 44835, 44997, 44997, 45273, 45318, 45330, 45435, 46113, 46113, 46113, 46113, 47676, 48039, 48039, 48482, 48532, 48532, 48532, 48532, 48920, 49281, 49281, 48920, 48920, 49281, 49699, 50634, 50634, 50634, 50634, 50692, 50849, 50849, 51035, 51035, 51408, 51408, 51888, 51888, 51888, 51888, 51888, 52726, 52726, 53492, 53492, 53528, 53805, 53805, 54929, 53528, 53528, 53805, 53805, 53805, 53805, 54929, 54929, 55493, 55493, 55934, 55934, 55934, 55934, 56366, 56366, 57265, 57265, 57265, 57265, 57680, 57680, 57680, 58474, 58474, 59903, 59903, 59903, 59903, 59903, 60495, 60495, 60495, 61285, 61285, 61285, 62620, 62620, 62620, 64000, 64000, 64000, 64000, 64000, 65931, 65931, 68679, 68679]
Thresholds 1 [0.222850507, 0.224430841, 0.226301829, 0.227905077, 0.229561978, 0.231263698, 0.232695078, 0.234204276, 0.235479154, 0.237154655, 0.23880597, 0.240030986, 0.241586594, 0.242950108, 0.245136778, 0.246859793, 0.248175182, 0.249498643, 0.250954939, 0.252044524, 0.253674411, 0.255633078, 0.257112564, 0.25857489, 0.260146288, 0.261508932, 0.262960823, 0.263969114, 0.26536916, 0.266980234, 0.268653622, 0.27027027, 0.271774194, 0.273459435, 0.274940734, 0.276679013, 0.278524562, 0.280712649, 0.282069439, 0.284396021, 0.286492361, 0.288132243, 0.290153846, 0.292715706, 0.295085026, 0.29689162, 0.299277882, 0.301944598, 0.305119515, 0.309001535, 0.31192561]
Thresholds 2 [44471, 44835, 44997, 45273, 45330, 46113, 46113, 47676, 48039, 48532, 48532, 48920, 49281, 48920, 49699, 50634, 50634, 50849, 51035, 51408, 51888, 51888, 51888, 52726, 53492, 53805, 54929, 53528, 53805, 53805, 54929, 55493, 55934, 55934, 56366, 57265, 57265, 57680, 58474, 59903, 59903, 59903, 60495, 61285, 61285, 62620, 64000, 64000, 64000, 65931, 68679]
Area Coverage 1 [0.5, 0.48, 0.47, 0.46, 0.44, 0.42, 0.41, 0.38, 0.36, 0.34, 0.34, 0.33, 0.32, 0.33, 0.31, 0.27, 0.27, 0.25, 0.24, 0.23, 0.22, 0.22, 0.22, 0.2, 0.19, 0.17, 0.16, 0.18, 0.17, 0.17, 0.16, 0.15, 0.14, 0.14, 0.13, 0.12, 0.12, 0.11, 0.1, 0.09, 0.09, 0.09, 0.08, 0.07, 0.07, 0.06, 0.05, 0.05, 0.05, 0.04, 0.03]
Area Coverage 2 [0.5, 0.48, 0.47, 0.46, 0.44, 0.42, 0.42, 0.38, 0.36, 0.34, 0.34, 0.33, 0.32, 0.33, 0.31, 0.27, 0.27, 0.25, 0.24, 0.23, 0.22, 0.22, 0.22, 0.2, 0.19, 0.17, 0.16, 0.18, 0.17, 0.17, 0.16, 0.15, 0.14, 0.14, 0.13, 0.12, 0.12, 0.11, 0.1, 0.09, 0.09, 0.09, 0.08, 0.07, 0.07, 0.06, 0.05, 0.05, 0.05, 0.04, 0.03]
Agreements: [0.3638296143152459, 0.3507719426942065, 0.3375330327647976, 0.32976091235788685, 0.2991301295234974, 0.28995481959331215, 0.28092165183142354, 0.24068122236351344, 0.23356125480142614, 0.23160444451283607, 0.2295374339481184, 0.21369584239917272, 0.20438733802437617, 0.20404985129212652, 0.19257608371407867, 0.18299238144633662, 0.18458867686952862, 0.17697073339562894, 0.16945347433114702, 0.16175417743534476, 0.14678848310676773, 0.14519090364520018, 0.14827289359902646, 0.12244976191043505, 0.11610413655618454, 0.10193239440792029, 0.10012146949221941, 0.09895322471084396, 0.08891465224044451, 0.08575169564600257, 0.08942397065207851, 0.08512706264974787, 0.08894371116269703, 0.08898969912383761, 0.0961669185079578, 0.07829781256024758, 0.07629876824319047, 0.07232655540816045, 0.06773594007436202, 0.06309799725134171, 0.064699449724413, 0.06148194336450157, 0.06013316143424992, 0.04428692689652045, 0.046819068144123024, 0.05384607319904394, 0.03971889147696466, 0.041394456062110736, 0.039250747190663876, 0.034235659484841696, 0.023929762225116887] 51
Expected: [0.2500472048784344, 0.2301276389717539, 0.22091026434400474, 0.21167340858476727, 0.192551068726752, 0.17714579689140597, 0.17292803982256297, 0.1448465472632884, 0.12953650846839784, 0.11464855621820164, 0.11560000000000002, 0.10882605031796759, 0.10237198842133147, 0.10890000000000001, 0.09614330553725778, 0.07375572268806779, 0.0729, 0.06250809391822232, 0.05780507293842677, 0.0528677593011798, 0.04846729034886759, 0.0484, 0.0484, 0.040054697153404276, 0.03614109911321073, 0.028531836378842462, 0.025635754788496775, 0.03208275945675615, 0.028900000000000006, 0.028900000000000006, 0.0256, 0.022461309294441425, 0.01961663354287481, 0.019600000000000003, 0.016908451105223685, 0.014409900264514225, 0.0144, 0.012038343000537887, 0.010035524815754987, 0.008121986704874077, 0.0081, 0.0081, 0.006439321217532644, 0.0049216766207090465, 0.004900000000000001, 0.0035928686229966898, 0.002479405834332726, 0.0025000000000000005, 0.0025000000000000005, 0.0016070495704127964, 0.0008893549827929535] 51
AUC: 0.14408704328951408
