0.2475 48000 0.2018729878163928
0.2542499999999999 48700.0 0.16355480090569466
0.26099999999999973 49400.0 0.13852557666544804
0.26774999999999954 50100.0 0.11386857813275068
0.27449999999999936 50800.0 0.1000472900217117
0.28124999999999917 51500.0 0.08119296272278656
0.287999999999999 52200.0 0.07570760052775807
0.2947499999999988 52900.0 0.057383894296336856
0.3014999999999986 53600.0 0.05760955401334321
0.3082499999999984 54300.0 0.059155809757721424

0.35 80000 0.06413913761243782
0.36 81000.0 0.07595586342783797
0.37 82000.0 0.10424759659462993
0.38 83000.0 0.13581692328361827
0.39 84000.0 0.15259322817219198
0.4 85000.0 0.1819099537955143
0.41000000000000003 86000.0 0.18197415364331262
0.42000000000000004 87000.0 0.1920920228159578
0.43000000000000005 88000.0 0.25749341112991103
0.44000000000000006 89000.0 0.0

Covid_Bachelor
0.2475 0 0.15239240454064487
0.25374999999999986 2.9999999999999996 0.23159429028301934
0.25999999999999973 5.999999999999998 0.20166590320022704
0.2662499999999996 9.0 0.17144052135418614
0.27249999999999946 12.000000000000007 0.12176568380467118
0.27874999999999933 15.000000000000014 0.07553456409206445
0.2849999999999992 18.00000000000002 0.06248267812088998
0.29124999999999907 21.00000000000003 0.044365864145189116
0.29749999999999893 24.000000000000036 0.039149724559009856
0.3037499999999988 27.000000000000043 0.04378779945463463


