0.0332588731695209 1 0.9851337851038825

10000 0.16 32000 0.8473227142852702

10001 0.16 35800.0 0.7718499599348156

10002 0.16 39600.0 0.6686696931002772

10003 0.16 43400.0 0.5309568454388754

10004 0.16 47200.0 0.3732206672231495

10005 0.186 32000 0.7108496175255361

10006 0.186 35800.0 0.6516797898585698

10007 0.186 39600.0 0.5712073871054851

10008 0.186 43400.0 0.4776055820457899

10009 0.186 47200.0 0.3445576040607015

10010 0.212 32000 0.528710938963515

10011 0.212 35800.0 0.500163407757048

10012 0.212 39600.0 0.43434000343700147

10013 0.212 43400.0 0.388218429025892

10014 0.212 47200.0 0.29917395078457143

10015 0.238 32000 0.3512458676192388

10016 0.238 35800.0 0.3390329774560217

10017 0.238 39600.0 0.3007610239692836

10018 0.238 43400.0 0.2819654411500787

10019 0.238 47200.0 0.2357635044455266

10020 0.264 32000 0.17215052093760533

10021 0.264 35800.0 0.16312239533570788

10022 0.264 39600.0 0.1454169281297699

10023 0.264 43400.0 0.12863301709584885

10024 0.264 47200.0 0.11402666639169208